"[count]","uHashT [query/μs]","cHashT [query/μs]","iHashT_u8h [query/μs]","iHashT_u8 [query/μs]","iHashT_u16 [query/μs]","dHashT [query/μs]","fHashT [query/μs]",
"1.000000","12.500000","11.111111","20.000000","12.500000","20.000000","6.250000","20.000000",
"2.000000","33.333333","25.000000","20.000000","33.333333","33.333333","8.333333","50.000000",
"3.000000","50.000000","25.000000","20.000000","50.000000","20.000000","33.333333","33.333333",
"4.000000","33.333333","33.333333","25.000000","20.000000","20.000000","33.333333","25.000000",
"5.000000","33.333333","50.000000","25.000000","33.333333","25.000000","33.333333","33.333333",
"6.000000","20.000000","33.333333","50.000000","25.000000","33.333333","33.333333","50.000000",
"7.000000","20.000000","33.333333","33.333333","25.000000","16.666667","33.333333","33.333333",
"8.000000","25.000000","33.333333","50.000000","20.000000","20.000000","16.666667","50.000000",
"9.000000","14.285714","33.333333","33.333333","20.000000","25.000000","33.333333","50.000000",
"10.000000","16.666667","33.333333","14.285714","20.000000","16.666667","33.333333","50.000000",
"15.000000","31.250000","71.428571","33.333333","22.727273","25.000000","62.500000","71.428571",
"20.000000","31.250000","50.000000","14.285714","23.809524","17.241379","55.555556","71.428571",
"25.000000","26.315789","71.428571","71.428571","17.857143","17.857143","62.500000","50.000000",
"30.000000","50.000000","55.555556","50.000000","16.666667","19.230769","50.000000","71.428571",
"35.000000","35.714286","62.500000","45.454545","16.666667","13.888889","62.500000","100.000000",
"40.000000","27.777778","71.428571","41.666667","38.461538","27.777778","50.000000","125.000000",
"45.000000","23.809524","62.500000","83.333333","38.461538","50.000000","83.333333","62.500000",
"50.000000","41.666667","125.000000","100.000000","55.555556","41.666667","83.333333","83.333333",
"55.000000","31.250000","83.333333","100.000000","50.000000","50.000000","100.000000","125.000000",
"60.000000","41.666667","62.500000","83.333333","62.500000","41.666667","62.500000","71.428571",
"65.000000","25.000000","83.333333","125.000000","62.500000","45.454545","55.555556","125.000000",
"70.000000","25.000000","62.500000","100.000000","71.428571","41.666667","62.500000","83.333333",
"75.000000","31.250000","62.500000","83.333333","62.500000","41.666667","166.666667","83.333333",
"80.000000","22.727273","100.000000","62.500000","62.500000","50.000000","71.428571","83.333333",
"85.000000","31.250000","83.333333","62.500000","55.555556","71.428571","83.333333","71.428571",
"90.000000","26.315789","62.500000","166.666667","83.333333","55.555556","100.000000","83.333333",
"95.000000","25.000000","83.333333","83.333333","50.000000","33.333333","83.333333","71.428571",
"100.000000","26.315789","83.333333","250.000000","50.000000","41.666667","71.428571","100.000000",
"125.000000","42.372881","92.592593","113.636364","73.529412","69.444444","113.636364","71.428571",
"150.000000","33.783784","147.058824","131.578947","89.285714","69.444444","119.047619","119.047619",
"175.000000","36.231884","113.636364","104.166667","99.601594","89.285714","100.000000","125.000000",
"200.000000","44.642857","113.636364","119.047619","113.636364","83.333333","113.636364","131.578947",
"225.000000","48.076923","119.047619","108.695652","89.285714","75.757576","113.636364","86.206897",
"250.000000","46.296296","113.636364","125.000000","83.333333","75.757576","65.789474","92.592593",
"275.000000","43.859649","125.000000","113.122172","108.695652","83.333333","100.000000","125.000000",
"300.000000","40.983607","156.250000","147.058824","113.636364","60.975610","119.047619","147.058824",
"325.000000","34.722222","119.047619","131.578947","104.166667","92.592593","100.000000","178.571429",
"350.000000","36.231884","119.047619","208.333333","92.592593","86.206897","104.166667","178.571429",
"375.000000","30.864198","138.888889","192.307692","100.000000","83.333333","100.000000","156.250000",
"400.000000","32.894737","138.888889","192.307692","119.047619","83.333333","104.166667","96.153846",
"425.000000","56.818182","138.888889","166.666667","108.695652","89.285714","71.428571","166.666667",
"450.000000","36.764706","147.058824","156.250000","104.166667","89.285714","100.000000","147.058824",
"475.000000","42.372881","131.578947","147.058824","147.058824","83.333333","104.166667","113.636364",
"500.000000","47.169811","100.000000","138.888889","89.285714","83.333333","100.000000","92.592593",
"525.000000","37.313433","125.000000","108.695652","104.166667","96.153846","138.888889","131.578947",
"550.000000","41.666667","147.058824","108.695652","113.636364","80.645161","227.272727","138.888889",
"575.000000","37.878788","131.578947","113.636364","125.000000","96.153846","227.272727","250.000000",
"600.000000","40.983607","104.166667","208.333333","138.888889","96.153846","118.483412","138.888889",
"625.000000","36.764706","104.166667","208.333333","113.636364","104.166667","113.636364","166.666667",
"650.000000","44.642857","113.636364","250.000000","119.047619","86.206897","156.250000","113.636364",
"675.000000","32.851511","113.636364","312.500000","104.166667","69.444444","100.000000","156.250000",
"700.000000","44.642857","113.636364","208.333333","113.636364","96.153846","96.153846","156.250000",
"725.000000","38.461538","131.578947","156.250000","86.206897","100.000000","89.285714","125.000000",
"750.000000","35.211268","113.636364","192.307692","108.695652","95.785441","119.047619","147.058824",
"775.000000","39.062500","113.636364","138.888889","83.333333","89.285714","113.636364","166.666667",
"800.000000","32.425422","100.000000","178.571429","108.695652","108.695652","113.636364","147.058824",
"825.000000","40.322581","104.166667","192.307692","104.166667","100.000000","113.636364","125.000000",
"850.000000","34.246575","108.695652","156.250000","100.000000","80.645161","147.058824","108.695652",
"875.000000","46.296296","108.695652","156.250000","100.000000","92.592593","96.153846","108.695652",
"900.000000","47.169811","119.047619","156.250000","96.153846","80.645161","113.636364","86.206897",
"925.000000","40.983607","92.592593","147.058824","89.285714","92.592593","89.285714","113.636364",
"950.000000","36.231884","119.047619","208.333333","100.000000","83.333333","89.285714","119.047619",
"975.000000","49.019608","119.047619","147.058824","119.047619","96.153846","80.645161","113.636364",
"1000.000000","38.461538","119.047619","147.058824","131.578947","89.285714","75.757576","89.285714",
"1100.000000","48.053820","133.333333","212.765957","129.870130","91.743119","128.205128","169.491525",
"1200.000000","38.022814","131.578947","192.307692","125.000000","97.087379","135.135135","151.515152",
"1300.000000","42.735043","140.845070","243.902439","121.951220","108.695652","113.507378","158.730159",
"1400.000000","34.843206","169.491525","163.934426","111.111111","104.166667","105.263158","140.845070",
"1500.000000","35.198874","144.927536","217.391304","128.040973","103.092784","105.263158","147.058824",
"1600.000000","32.144005","147.058824","166.666667","102.040816","91.743119","106.269926","151.515152",
"1700.000000","33.003300","136.986301","192.307692","119.047619","102.040816","84.033613","123.456790",
"1800.000000","46.511628","109.890110","136.986301","109.890110","80.645161","81.300813","125.000000",
"1900.000000","44.444444","106.382979","126.582278","169.491525","102.986612","97.943193","110.987791",
"2000.000000","52.083333","120.481928","129.870130","147.058824","82.644628","78.125000","120.481928",
"2100.000000","42.194093","128.205128","128.205128","131.578947","99.009901","172.413793","212.765957",
"2200.000000","38.910506","144.927536","243.902439","138.888889","114.942529","163.934426","181.818182",
"2300.000000","43.103448","142.857143","200.000000","121.951220","101.010101","131.578947","181.818182",
"2400.000000","37.878788","126.582278","204.081633","140.845070","101.010101","188.679245","169.491525",
"2500.000000","40.000000","149.253731","238.095238","108.577633","106.382979","125.000000","163.934426",
"2600.000000","42.176297","120.336943","212.765957","126.582278","99.009901","113.636364","181.818182",
"2700.000000","38.759690","153.846154","222.222222","105.263158","86.880973","133.333333","169.491525",
"2800.000000","37.593985","126.582278","185.185185","121.951220","100.000000","149.253731","156.250000",
"2900.000000","36.101083","125.000000","204.081633","116.279070","89.285714","111.111111","156.250000",
"3000.000000","40.799674","142.857143","175.438596","107.526882","98.039216","97.087379","156.250000",
"3100.000000","35.087719","123.456790","153.846154","112.359551","88.417330","120.481928","144.927536",
"3200.000000","38.910506","126.582278","166.666667","107.526882","93.457944","99.009901","135.135135",
"3300.000000","31.847134","113.636364","169.491525","107.526882","90.090090","111.111111","188.679245",
"3400.000000","35.323207","129.870130","161.290323","120.336943","86.956522","120.481928","131.578947",
"3500.000000","32.247662","117.508813","153.846154","103.092784","87.719298","84.033613","138.888889",
"3600.000000","34.602076","136.986301","135.135135","96.061479","100.000000","89.285714","133.333333",
"3700.000000","32.362460","123.456790","178.571429","95.238095","84.745763","96.153846","135.135135",
"3800.000000","39.984006","107.526882","153.609831","125.000000","78.125000","79.936051","119.047619",
"3900.000000","44.642857","108.695652","156.250000","161.290323","80.645161","78.740157","153.846154",
"4000.000000","42.918455","107.526882","140.845070","158.730159","86.206897","94.339623","128.205128",
"4100.000000","41.823505","121.802680","129.870130","144.927536","86.956522","163.934426","217.391304",
"4200.000000","41.841004","149.253731","131.578947","151.515152","71.942446","144.927536","243.902439",
"4300.000000","46.728972","136.986301","188.679245","123.456790","61.349693","192.307692","216.919740",
"4400.000000","47.596383","144.927536","208.333333","151.285930","90.909091","126.582278","238.095238",
"4500.000000","39.062500","125.000000","163.934426","111.111111","114.942529","123.456790","163.934426",
"4600.000000","44.642857","136.986301","208.333333","135.135135","119.047619","133.333333","163.934426",
"4700.000000","44.444444","125.000000","172.413793","114.942529","107.526882","138.888889","149.031297",
"4800.000000","41.649313","120.481928","212.765957","128.205128","113.636364","185.185185","172.413793",
"4900.000000","41.841004","126.582278","200.000000","128.205128","112.233446","163.934426","163.934426",
"5000.000000","40.816327","129.870130","188.323917","116.279070","109.890110","136.986301","138.888889",
"5100.000000","37.735849","144.927536","175.438596","125.000000","90.826521","117.647059","175.438596",
"5200.000000","38.314176","138.888889","222.222222","116.279070","102.040816","138.888889","147.058824",
"5300.000000","43.840421","147.058824","178.571429","117.647059","103.092784","163.934426","204.081633",
"5400.000000","36.764706","140.845070","153.846154","138.888889","95.238095","128.205128","200.000000",
"5500.000000","37.735849","140.845070","158.730159","125.000000","84.745763","149.253731","156.250000",
"5600.000000","37.313433","151.515152","181.818182","100.908174","101.010101","106.382979","147.058824",
"5700.000000","37.037037","128.205128","172.117040","97.087379","94.339623","105.263158","123.456790",
"5800.000000","43.649062","129.870130","156.250000","99.009901","93.457944","113.636364","128.040973",
"5900.000000","39.525692","117.647059","181.818182","105.263158","111.111111","120.481928","158.730159",
"6000.000000","34.129693","113.636364","188.679245","112.359551","87.719298","97.087379","181.818182",
"6100.000000","37.174721","128.205128","185.185185","99.009901","87.719298","92.592593","151.515152",
"6200.000000","34.722222","123.456790","136.986301","99.009901","95.238095","83.333333","142.857143",
"6300.000000","41.666667","117.647059","178.571429","96.153846","104.058273","109.890110","140.845070",
"6400.000000","33.003300","120.481928","181.818182","102.040816","90.909091","107.526882","136.986301",
"6500.000000","32.669062","123.456790","147.058824","104.166667","99.009901","83.333333","192.307692",
"6600.000000","35.198874","121.951220","200.000000","112.359551","99.009901","86.956522","112.359551",
"6700.000000","33.658701","100.000000","149.253731","106.382979","89.285714","98.039216","158.730159",
"6800.000000","32.258065","117.508813","144.927536","91.743119","90.090090","81.967213","119.047619",
"6900.000000","31.746032","104.166667","196.078431","112.359551","90.909091","106.382979","116.279070",
"7000.000000","31.545741","102.040816","136.986301","114.942529","84.033613","84.745763","153.846154",
"7100.000000","33.783784","128.205128","133.333333","101.010101","90.090090","99.009901","126.582278",
"7200.000000","31.446541","113.636364","134.952767","113.636364","102.040816","84.745763","126.582278",
"7300.000000","30.120482","114.942529","136.986301","116.279070","93.457944","90.909091","131.578947",
"7400.000000","28.653295","109.890110","153.846154","163.934426","84.745763","81.300813","129.870130",
"7500.000000","32.786885","119.047619","128.205128","166.666667","84.033613","72.992701","117.647059",
"7600.000000","48.780488","126.582278","169.491525","113.636364","85.470085","85.470085","100.000000",
"7700.000000","44.843049","109.890110","138.888889","175.438596","91.659028","87.719298","123.456790",
"7800.000000","47.370914","102.040816","158.730159","153.846154","92.592593","74.626866","123.456790",
"7900.000000","43.290043","100.000000","140.845070","133.333333","102.040816","71.942446","117.508813",
"8000.000000","45.045045","108.695652","142.857143","138.888889","85.470085","79.365079","100.000000",
"8100.000000","45.850527","120.481928","149.253731","208.333333","88.495575","76.335878","111.111111",
"8200.000000","47.846890","126.582278","133.333333","140.845070","86.132644","181.818182","149.253731",
"8300.000000","42.553191","135.135135","135.135135","163.934426","85.470085","133.333333","217.391304",
"8400.000000","41.493776","128.205128","178.571429","136.986301","75.757576","136.986301","200.000000",
"8500.000000","44.622936","158.478605","166.666667","129.870130","88.495575","126.582278","172.413793",
"8600.000000","36.630037","156.250000","243.902439","142.857143","108.695652","149.253731","169.491525",
"8700.000000","48.543689","166.666667","188.679245","158.730159","109.890110","163.934426","163.934426",
"8800.000000","39.525692","136.986301","263.157895","144.927536","90.909091","126.582278","172.413793",
"8900.000000","43.859649","138.888889","204.081633","116.279070","111.111111","119.047619","200.000000",
"9000.000000","47.619048","123.456790","178.571429","119.047619","108.695652","142.857143","185.185185",
"9100.000000","40.983607","142.857143","172.117040","98.039216","89.285714","149.031297","204.081633",
"9200.000000","47.147572","126.582278","178.571429","129.870130","88.417330","166.666667","166.666667",
"9300.000000","44.052863","149.253731","163.934426","129.870130","89.285714","158.730159","185.185185",
"9400.000000","42.735043","120.481928","217.391304","131.578947","100.908174","114.942529","163.934426",
"9500.000000","39.215686","138.888889","178.571429","114.942529","97.087379","129.870130","212.765957",
"9600.000000","44.622936","129.870130","178.571429","114.942529","106.269926","108.695652","196.078431",
"9700.000000","40.816327","126.582278","188.679245","135.135135","111.111111","121.951220","204.081633",
"9800.000000","35.842294","166.666667","277.777778","121.802680","95.147479","142.857143","188.679245",
"9900.000000","38.610039","114.942529","178.571429","112.359551","101.010101","136.986301","163.934426",
"10000.000000","40.983607","123.456790","185.185185","121.951220","100.908174","138.888889","185.185185",
"11000.000000","36.911265","129.349373","196.850394","114.665749","97.943193","124.054088","155.763240",
"12000.000000","35.571998","124.517495","189.753321","108.330625","94.241825","110.975474","150.602410",
"13000.000000","31.542756","118.906064","172.413793","110.975474","89.039266","100.502513","139.275766",
"14000.000000","31.693712","116.265551","160.230732","148.345943","82.562748","88.331419","129.684866",
"15000.000000","31.081963","113.494496","150.829563","144.906535","103.401923","87.634738","119.889701",
"16000.000000","43.248854","104.821803","139.840582","142.653352","93.457944","78.057919","114.929318",
"17000.000000","39.821599","143.657520","197.238659","131.734949","124.362641","147.253718","190.077932",
"18000.000000","39.475762","141.823855","205.338809","124.984377","124.828361","145.964093","189.035917",
"19000.000000","40.157417","127.713921","202.839757","122.384041","123.289360","142.247511","180.147721",
"20000.000000","39.028959","125.928724","201.612903","114.678899","114.797383","132.978723","174.185682",
"21000.000000","36.176832","133.850890","199.203187","119.746138","115.874855","120.048019","156.006240",
"22000.000000","35.433350","125.944584","179.211470","115.593573","112.981584","110.120031","151.285930",
"23000.000000","36.123253","130.531262","178.571429","109.277675","114.416476","114.534418","161.290323",
"24000.000000","33.497471","120.904365","176.991150","109.769484","106.712197","110.852455","142.045455",
"25000.000000","33.633795","112.599932","160.487883","106.371663","102.448520","104.701078","135.135135",
"26000.000000","33.320005","111.856823","167.476135","102.553584","105.808909","95.410743","139.860140",
"27000.000000","31.522870","110.485029","147.275405","101.512537","98.415510","96.052252","126.246686",
"28000.000000","30.144997","111.346175","151.952591","103.401923","103.616206","80.768920","125.313283",
"29000.000000","29.732703","107.747010","139.664804","141.222991","99.196508","85.026783","122.534003",
"30000.000000","28.916778","104.047446","147.253718","137.551582","95.776267","79.415502","123.900384",
"31000.000000","43.342580","103.295114","153.350713","138.102472","73.686537","85.316952","114.012085",
"32000.000000","43.855802","102.669405","137.155397","132.257638","91.903318","76.330051","114.942529",
"33000.000000","40.581122","138.504155","217.344056","128.534704","127.388535","166.944908","188.323917",
"34000.000000","41.030691","136.986301","208.724692","132.432790","125.297582","134.210173","204.457166",
"35000.000000","39.475762","139.840582","203.210730","120.033609","126.566257","141.222991","183.452578",
"36000.000000","37.947784","139.645301","211.416490","127.210279","125.297582","133.850890","185.185185",
"37000.000000","38.532676","67.654421","204.918033","120.904365","119.602918","35.698986","177.273533",
"38000.000000","37.144343","132.784491","200.803213","118.329192","121.197431","139.470014","183.823529",
"39000.000000","37.171957","128.518185","188.323917","117.082309","119.175307","129.870130","166.389351",
"40000.000000","37.947784","124.378109","197.238659","115.995824","114.547537","136.239782","178.539547",
"41000.000000","36.427218","119.033448","181.159420","112.220851","114.665749","128.865979","173.280194",
"42000.000000","36.924895","132.082948","184.501845","111.111111","116.265551","120.918984","166.389351",
"43000.000000","33.397903","123.762376","182.781941","110.241429","110.607234","119.189511","168.067227",
"44000.000000","34.104086","124.208173","171.497170","107.054919","108.342362","111.594688","160.513644",
"45000.000000","34.172846","116.144019","177.273533","107.642626","108.213397","107.979700","149.031297",
"46000.000000","33.850112","117.633220","180.505415","106.145844","102.764361","112.473288","155.038760",
"47000.000000","32.275764","120.033609","164.473684","103.616206","108.448108","108.695652","148.367953",
"48000.000000","33.519928","119.317504","169.750467","102.870075","99.690958","104.920785","142.045455",
"49000.000000","32.762179","119.904077","163.934426","103.950104","103.831378","101.204332","150.150150",
"50000.000000","32.433835","115.593573","161.290323","104.155817","99.098206","98.512462","142.045455",
"51000.000000","30.635378","113.494496","162.839928","103.082156","101.719052","90.900827","137.722077",
"52000.000000","31.374518","110.363095","163.934426","105.362975","101.204332","95.047999","130.361100",
"53000.000000","30.355462","108.213397","153.115909","97.560976","101.512537","98.706939","134.589502",
"54000.000000","29.539480","109.878035","157.480315","97.361503","96.796051","90.081975","133.850890",
"55000.000000","29.938327","105.252079","145.327714","94.688003","98.135427","85.829543","132.432790",
"56000.000000","29.964342","118.469376","145.985401","143.864192","96.329833","86.273833","127.713921",
"57000.000000","29.750394","107.169650","73.410659","141.242938","98.318749","85.462781","123.594117",
"58000.000000","30.309460","101.512537","141.643059","135.482997","96.796051","81.759464","116.130531",
"59000.000000","30.163183","103.723680","138.484974","142.450142","96.237128","84.238902","120.612713",
"60000.000000","28.874195","101.306858","143.657520","145.116819","96.144601","76.616610","116.536534",
"61000.000000","29.453346","99.393698","141.023833","140.627197","95.229026","78.733958","123.456790",
"62000.000000","27.821829","99.009901","138.888889","144.487791","90.818273","82.433435","113.752702",
"63000.000000","41.387302","102.134613","136.239782","127.210279","88.331419","78.302404","108.683839",
"64000.000000","42.369291","104.047446","130.378096","137.362637","93.014603","74.343915","111.346175",
"65000.000000","41.559305","95.410743","130.548303","126.903553","92.072553","74.283167","110.485029",
"66000.000000","40.997048","97.837785","102.030405","140.627197","124.054088","140.232786","113.494496",
"67000.000000","40.125191","102.553584","99.591674","134.030291","136.593362","164.203612","104.155817",
"68000.000000","41.490333","79.738458","91.743119","130.701869","141.823855","148.566335","109.529025",
"69000.000000","39.632213","93.624192","102.343670","119.746138","128.188694","147.907114","113.507378",
"70000.000000","38.845511","97.456388","98.902186","117.910624","123.137545","141.222991","122.249389",
"71000.000000","39.948865","87.176358","96.515780","121.197431","118.049817","134.752729","107.411386",
"72000.000000","39.663652","83.118610","95.501862","124.672734","123.747061","138.121547","117.785630",
"73000.000000","39.305086","87.024628","102.553584","119.904077","115.061558","137.362637","112.739572",
"74000.000000","39.120570","78.920369","108.213397","118.189339","124.828361","136.986301","113.895216",
"75000.000000","38.325924","90.489548","97.646714","123.900384","112.220851","133.671969","112.346927",
"76000.000000","37.101621","94.330724","100.492413","117.082309","120.192308","134.752729","115.995824",
"77000.000000","39.274213","92.412901","107.066381","115.593573","118.609892","136.407039","114.665749",
"78000.000000","38.711675","86.798021","108.213397","116.265551","111.719361","134.390539","117.357118",
"79000.000000","37.832930","86.125226","104.810816","111.969544","114.416476","130.022104","104.264415",
"80000.000000","35.383200","91.987858","110.363095","109.277675","115.861430","127.048660","115.740741",
"81000.000000","38.092336","83.815271","102.030405","110.607234","114.285714","129.516902","102.239035",
"82000.000000","35.684973","78.241139","98.512462","112.346927","113.494496","124.054088","120.612713",
"83000.000000","34.987055","82.297753","107.758621","116.550117","114.285714","121.197431","111.346175",
"84000.000000","35.408257","85.682461","119.460041","106.712197","110.363095","107.515321","107.747010",
"85000.000000","37.241174","81.826364","107.284626","113.109377","111.982083","123.456790","114.403386",
"86000.000000","35.814053","81.559416","103.939299","111.111111","112.095057","112.739572","110.241429",
"87000.000000","35.534077","83.605050","111.594688","106.826194","107.399850","108.802089","115.593573",
"88000.000000","34.925957","85.829543","106.826194","113.109377","109.637101","113.623452","53.556127",
"89000.000000","35.864147","83.675006","108.330625","104.920785","108.813928","112.854080","116.414435",
"90000.000000","32.849353","86.199466","112.854080","103.082156","101.926409","104.602510","119.889701",
"91000.000000","34.492274","85.609109","115.861430","103.616206","108.802089","118.049817","115.593573",
"92000.000000","35.182775","85.977130","120.033609","103.401923","104.373239","105.920983","115.874855",
"93000.000000","33.690452","82.027725","124.672734","107.631041","103.188525","112.473288","122.534003",
"94000.000000","35.839725","84.523709","122.234446","102.976007","106.484932","100.603622","112.346927",
"95000.000000","34.949149","100.391527","116.400885","102.343670","100.593502","100.593502","121.951220",
"96000.000000","34.778980","97.933601","123.762376","100.492413","102.976007","105.808909","116.536534",
"97000.000000","33.487375","106.598444","120.904365","100.290843","103.508954","101.719052","121.197431",
"98000.000000","33.667766","100.492413","114.797383","103.295114","100.796291","102.448520","113.122172",
"99000.000000","32.485463","104.602510","123.289360","107.169650","102.343670","96.889836","122.384041",
"100000.000000","32.497075","103.508954","117.219552","103.508954","97.933601","95.229026","117.910624",
"110000.000000","30.090754","105.298627","130.469953","96.265848","96.405055","88.222320","117.182465",
"120000.000000","27.645693","100.808484","125.885922","90.571506","92.055602","80.417528","113.703552",
"130000.000000","36.551979","95.311621","127.931224","101.979421","90.098207","74.698219","109.136945",
"140000.000000","35.415280","63.530787","66.620920","112.311597","87.001914","64.294624","73.533737",
"150000.000000","32.952729","68.845394","69.308235","100.493423","101.184875","67.018289","77.404773",
"160000.000000","32.170271","69.496084","71.026763","113.703552","105.990588","70.804982","79.528555",
"170000.000000","30.064518","72.117812","69.395289","109.172689","108.005357","71.066639","78.529303",
"180000.000000","28.528310","68.491743","69.173993","106.159366","102.893361","68.174226","75.952636",
"190000.000000","25.671766","66.465940","67.099233","102.649381","102.628311","66.714256","74.414728",
"200000.000000","25.193169","65.693095","66.171264","100.736383","100.797307","64.685982","72.420736",
"210000.000000","24.738820","63.245906","64.290490","98.165291","96.722088","63.125734","71.683046",
"220000.000000","23.978285","60.188390","63.693050","57.731721","94.313820","59.989802","68.840655",
"230000.000000","21.930883","57.001169","63.434469","59.610742","94.653049","58.022815","62.428208",
"240000.000000","21.312010","55.600036","61.082131","60.575222","90.301607","56.697056","64.597814",
"250000.000000","20.102482","53.799307","61.078400","60.286360","90.343214","54.375309","63.233509",
"260000.000000","26.657354","51.172621","60.542216","60.534886","87.572576","51.736537","61.902256",
"270000.000000","26.305959","58.649650","60.051404","59.401824","52.422716","51.830390","62.986571",
"280000.000000","25.428276","54.325387","61.212622","58.481242","56.320577","53.525454","67.302450",
"290000.000000","24.938713","62.202981","61.389615","57.872045","56.981680","54.991586","72.610041",
"300000.000000","24.082226","60.604591","60.549548","56.809789","55.826936","55.231531","70.119835",
"310000.000000","24.150856","60.472654","60.490945","55.668439","55.575316","53.388288","70.135080",
"320000.000000","23.566841","58.922311","59.572035","54.735736","55.055165","53.351544","69.327935",
"330000.000000","22.703176","58.828720","58.577161","53.947035","54.595285","50.935429","69.704384",
"340000.000000","22.216397","52.978448","58.780309","53.087855","53.790336","50.462234","67.334173",
"350000.000000","21.504498","56.134048","58.273360","52.624378","51.060266","49.053512","67.202946",
"360000.000000","20.876870","55.350758","57.512581","51.693746","51.172621","46.994910","66.652003",
"370000.000000","20.659876","54.399269","57.509273","51.046973","50.692716","47.920490","63.887966",
"380000.000000","19.981936","53.434217","56.276204","50.188710","45.714495","46.341565","65.430467",
"390000.000000","16.989813","52.214959","57.026848","49.663036","44.964231","45.366082","56.301234",
"400000.000000","19.627394","52.095272","55.640252","50.246711","49.569243","45.941315","62.420024",
"410000.000000","18.788728","51.401725","55.418241","48.386785","48.823834","44.070336","61.654182",
"420000.000000","18.512176","45.581137","54.660938","43.535046","48.167469","42.652836","60.217385",
"430000.000000","18.192866","48.480617","54.610192","51.715132","46.933153","43.517805","60.538551",
"440000.000000","18.241651","47.886299","54.375605","52.704811","46.788222","43.001505","60.300901",
"450000.000000","17.502192","47.680806","54.055223","53.175367","45.943425","38.256425","57.718392",
"460000.000000","17.143602","46.838627","53.813783","53.023113","45.136538","40.485502","58.392456",
"470000.000000","16.935977","45.631055","52.721483","53.085319","44.801061","39.945355","57.390456",
"480000.000000","16.593379","45.498182","52.367811","52.179267","45.142651","39.547263","57.023922",
"490000.000000","16.396937","43.981369","52.569049","51.905718","43.811610","38.581289","55.146248",
"500000.000000","16.101971","39.857787","51.731184","52.105858","43.391290","37.739694","54.416734",
"510000.000000","15.549850","42.502370","50.935429","51.288101","42.480703","37.499109","54.467121",
"520000.000000","15.292531","42.916613","51.462566","50.638809","38.706731","36.973497","47.989711",
"530000.000000","22.556764","46.942186","56.546374","50.191480","48.697820","48.332995","61.287654",
"540000.000000","22.271864","48.964882","56.975187","50.201559","49.488536","49.920626","62.237823",
"550000.000000","21.776102","55.951881","51.314419","49.737139","49.709695","51.293362","67.574873",
"560000.000000","21.786113","58.742327","58.429986","49.705001","48.754802","50.196267","67.974958",
"570000.000000","21.551306","57.472916","57.721724","48.181625","49.041725","49.776503","69.870460",
"580000.000000","21.591837","56.412715","58.477822","48.475917","48.511192","50.464781","67.638863",
"590000.000000","21.300207","55.823508","57.340765","48.176983","47.434280","44.919594","67.379542",
"600000.000000","21.060213","56.826254","57.728388","48.086402","47.172481","48.468868","66.399740",
"610000.000000","20.762395","55.845331","56.719889","45.246821","47.319582","48.532381","66.328832",
"620000.000000","19.812495","53.979358","56.114833","47.081423","46.997119","48.325754","66.289699",
"630000.000000","20.674399","54.354916","57.400339","46.748851","46.380253","46.775091","65.753569",
"640000.000000","20.029965","54.304736","56.562686","46.449192","45.777275","46.685559","58.026181",
"650000.000000","20.209328","52.868933","55.615497","46.836652","45.527182","46.779468","65.835385",
"660000.000000","19.214769","52.774347","55.627872","45.312429","44.095599","45.510606","63.692645",
"670000.000000","19.689187","52.732604","55.646445","44.726720","44.939781","46.307230","64.381551",
"680000.000000","19.185241","52.054595","54.876911","44.682952","44.690940","45.434100","63.684532",
"690000.000000","19.023957","51.507363","54.810739","44.476072","44.865381","45.028818","62.974672",
"700000.000000","19.160612","50.795715","54.628092","44.353962","43.898156","44.440494","63.652103",
"710000.000000","18.684464","50.503265","51.026396","43.485824","43.284422","43.142500","62.986571",
"720000.000000","18.453078","49.983256","53.813493","43.544524","43.609088","42.866757","62.694352",
"730000.000000","18.747516","49.804021","53.240765","43.245113","43.259892","42.826369","61.280142",
"740000.000000","18.556525","49.697590","53.585973","42.549389","42.979142","43.142314","60.593575",
"750000.000000","17.981213","49.080236","54.411109","43.438600","42.600142","42.903540","60.977469",
"760000.000000","18.009711","49.039560","53.451354","41.770920","41.953172","41.621403","60.825771",
"770000.000000","17.527654","48.702564","53.043082","42.023693","41.760454","41.257189","53.982272",
"780000.000000","17.699836","48.056591","52.838483","40.902974","41.436865","41.204659","59.607189",
"790000.000000","17.464595","47.036910","53.331342","41.390386","40.726396","41.092907","60.443048",
"800000.000000","17.505256","47.174707","52.436460","40.897956","41.175817","39.727943","59.426534",
"810000.000000","17.321176","45.142855","52.146615","40.781038","41.006967","39.742153","59.239951",
"820000.000000","16.783592","43.869270","51.903024","40.772725","40.872881","40.173227","59.187358",
"830000.000000","16.933683","46.399621","52.247423","47.036910","39.515852","38.742721","57.891812",
"840000.000000","17.059082","45.626891","51.645690","49.242163","39.533192","38.618538","58.344759",
"850000.000000","16.608261","45.819225","51.712458","50.989970","39.442597","38.122396","57.383869",
"860000.000000","16.327037","44.263652","48.924158","51.544532","39.221531","38.474413","57.147429",
"870000.000000","16.282879","44.651030","51.595061","52.127587","39.097168","37.528522","56.393309",
"880000.000000","16.521825","44.821141","50.914682","50.646503","35.259066","37.226756","56.330094",
"890000.000000","16.103786","43.370777","51.099404","48.295647","38.183533","36.761462","55.804817",
"900000.000000","16.450047","44.696932","50.327886","50.083389","38.123849","37.112224","54.849821",
"910000.000000","16.235295","42.736869","50.728718","50.787975","37.935835","34.576234","55.513920",
"920000.000000","15.519179","43.523677","50.654199","50.779981","37.960316","36.319525","54.154753",
"930000.000000","15.907027","42.640287","49.928353","49.334478","37.486458","35.850646","54.630778",
"940000.000000","16.208716","41.746507","50.452305","49.816178","37.400934","35.256580","54.210532",
"950000.000000","15.265428","42.055682","49.888250","49.918134","36.785804","35.413900","53.906612",
"960000.000000","15.011071","41.511000","50.178888","47.174707","35.395098","35.249123","53.697906",
"970000.000000","15.478103","40.921386","49.975762","49.407603","36.761462","34.813366","53.164059",
"980000.000000","15.011499","40.377774","45.333176","49.145362","36.138265","34.772328","52.815879",
"990000.000000","15.077839","40.425110","48.518253","48.814301","35.746969","33.769409","52.593933",
"1000000.000000","15.393046","40.319167","45.469220","48.773826","35.435359","33.781844","52.103143",
"1100000.000000","19.891480","54.920130","56.976713","46.940489","46.935180","48.554697","67.377182",
"1200000.000000","19.839262","53.223707","54.859480","45.027298","44.957823","46.274423","65.480338",
"1300000.000000","19.013623","51.137607","53.843859","43.668485","43.527238","44.375810","63.755180",
"1400000.000000","18.283090","48.746555","53.330404","41.387611","41.602512","42.192117","61.871080",
"1500000.000000","17.433822","46.004995","52.370087","40.452158","40.061695","40.215054","59.102668",
"1600000.000000","16.829877","44.138710","51.229482","38.519050","38.498719","38.788721","57.811722",
"1700000.000000","16.289033","42.580860","50.537389","50.243581","36.932818","36.452395","55.746363",
"1800000.000000","15.763852","41.324551","49.823724","49.627644","35.496515","34.700474","54.196312",
"1900000.000000","15.295165","39.332001","48.975482","48.932800","34.352020","33.233555","52.489581",
"2000000.000000","14.730458","37.437045","48.070637","48.051003","32.733653","31.462658","50.499796",
"2100000.000000","14.233611","52.802130","53.578422","47.106773","46.781897","47.314724","59.615042",
"2200000.000000","20.566462","54.459765","56.177724","45.947225","45.850065","47.709104","66.792994",
"2300000.000000","20.288297","52.773707","54.018373","44.815417","44.898095","46.028373","64.908217",
"2400000.000000","19.814340","51.541689","54.453478","44.272118","43.806985","45.300831","64.093566",
"2500000.000000","19.345129","49.971217","53.844439","42.361627","42.949515","44.259734","63.884334",
"2600000.000000","18.973251","48.929520","52.647789","42.208732","42.055699","42.626146","62.276505",
"2700000.000000","18.593277","47.786985","52.956425","41.255947","41.136960","41.988209","62.124805",
"2800000.000000","18.232086","47.592079","52.053863","40.402783","40.201829","41.244002","60.706281",
"2900000.000000","17.857701","45.746742","51.624654","39.260890","39.681878","40.332826","59.916871",
"3000000.000000","17.578978","45.430178","51.095748","38.841196","37.802853","39.252229","58.667853",
"3100000.000000","17.262743","43.643004","50.575473","38.185720","37.770284","38.449989","58.029784",
"3200000.000000","16.927972","43.089147","50.190876","37.483030","37.275504","37.707746","56.561470",
"3300000.000000","16.415571","38.705352","46.029284","36.455770","36.328734","36.881860","56.243349",
"3400000.000000","16.343851","41.476256","49.900573","49.216280","35.889941","36.059348","55.321637",
"3500000.000000","16.071827","40.599195","48.893109","48.697109","35.000868","34.901894","54.012450",
"3600000.000000","15.783909","40.188016","48.525080","48.359851","34.173337","33.859029","53.558221",
"3700000.000000","15.615236","39.266826","48.314757","47.989412","33.483978","33.233003","52.187954",
"3800000.000000","15.377208","37.900509","47.945718","47.764068","33.107474","32.236383","51.610985",
"3900000.000000","15.062187","37.995985","47.395948","47.279625","32.122693","31.418955","50.228616",
"4000000.000000","14.873805","37.295050","46.781940","46.410410","31.451081","30.680973","49.819206",
"4100000.000000","14.698023","35.980412","46.603361","46.802062","30.704920","30.054263","49.140991",
"4200000.000000","14.335376","49.592498","51.107473","46.160593","46.225011","45.783060","56.656646",
"4300000.000000","14.606752","53.838699","54.434181","45.699411","45.414416","47.180093","64.962189",
"4400000.000000","19.868672","52.223275","53.980495","45.301673","44.983952","45.856982","63.437688",
"4500000.000000","19.625452","51.631371","53.669577","44.641920","44.720579","46.030089","63.933754",
"4600000.000000","19.476328","51.253980","53.241502","44.353018","44.208294","45.401797","63.492063",
"4700000.000000","19.133794","51.252666","53.339478","43.668122","43.236625","44.933763","63.143232",
"4800000.000000","19.046578","50.062277","53.024406","43.212915","43.031389","44.529763","62.194354",
"4900000.000000","18.837883","49.835220","52.200594","42.336339","42.474965","43.825972","62.490939",
"5000000.000000","18.787941","49.113381","52.321314","42.417887","42.147677","43.161027","61.213147",
"5100000.000000","18.487056","48.418459","52.255668","41.772839","41.472902","43.086808","57.907803",
"5200000.000000","18.366778","47.952224","51.829369","41.028435","41.428934","42.364283","60.496178",
"5300000.000000","18.057416","47.056321","51.250775","41.073784","40.560432","41.869717","60.431469",
"5400000.000000","17.939073","46.995728","51.130992","40.156304","40.425960","41.720852","59.512120",
"5500000.000000","17.821544","46.071336","51.489064","39.857946","39.930840","40.925472","59.702241",
"5600000.000000","17.721793","44.860511","50.963438","39.434323","39.427155","40.657712","54.148477",
"5700000.000000","17.442610","45.100690","50.754414","38.613960","39.233164","40.125013","58.869205",
"5800000.000000","17.336641","44.813870","50.490949","38.805926","38.647970","39.414536","57.975921",
"5900000.000000","17.194734","43.889371","50.382809","37.327570","38.065192","39.497357","57.529323",
"6000000.000000","16.946881","43.902473","49.984905","37.953242","37.830311","38.878465","57.517708",
"6100000.000000","16.827354","43.389991","49.671547","37.536791","37.318780","38.285704","56.801819",
"6200000.000000","16.667806","42.467119","49.567622","37.072517","37.288166","37.572854","55.741702",
"6300000.000000","16.795245","41.966288","49.389887","36.665507","36.465993","37.158711","55.805782",
"6400000.000000","16.307600","41.379459","49.116686","36.532216","36.261800","37.082786","54.472372",
"6500000.000000","16.273126","41.423854","48.921812","36.054967","35.676481","36.471685","54.497903",
"6600000.000000","16.127560","40.809147","48.759105","48.580691","35.263181","35.765916","54.530890",
"6700000.000000","15.997824","40.314550","48.494959","48.382290","34.991915","35.601898","54.083727",
"6800000.000000","15.837457","40.018328","48.691442","47.618503","34.561475","35.078833","53.164426",
"6900000.000000","15.726586","39.417582","47.910549","47.775045","34.443493","34.687114","53.154536",
"7000000.000000","15.516106","36.609050","47.922948","47.564145","34.075509","33.920025","52.584834",
"7100000.000000","15.439463","38.608056","47.460079","47.413027","33.569855","33.560268","52.138731",
"7200000.000000","15.373379","38.668833","47.510813","47.121001","33.398527","33.079306","51.680361",
"7300000.000000","15.249095","37.796923","46.998555","46.977337","32.912406","33.008104","51.121242",
"7400000.000000","15.154158","37.904517","46.755911","46.736441","32.648371","32.348285","50.537032",
"7500000.000000","14.981599","37.024257","46.514505","46.813039","32.358983","31.913216","50.294297",
"7600000.000000","14.873872","36.943406","46.266972","46.301462","31.650788","31.399028","50.078172",
"7700000.000000","14.831338","34.297540","45.979760","46.162724","31.437535","31.236783","49.528513",
"7800000.000000","14.627907","35.780211","46.121419","45.469985","30.981103","30.761015","48.401235",
"7900000.000000","14.615035","35.648184","46.126121","45.260460","30.727564","30.227891","48.008949",
"8000000.000000","14.391910","35.520673","45.191735","44.650711","30.194039","29.716631","47.610976",
"8100000.000000","14.402293","35.222876","45.409095","44.994072","27.682588","28.274922","47.288076",
"8200000.000000","14.225105","34.530995","44.969225","43.540334","29.502624","28.444315","46.752348",
"8300000.000000","14.132242","34.522281","44.859867","44.639748","42.729272","28.403749","46.484148",
"8400000.000000","13.847730","44.787176","45.131588","44.032903","44.132788","43.194025","49.924165",
"8500000.000000","13.981837","47.645797","48.096532","43.921100","44.258578","46.072694","55.139224",
"8600000.000000","13.792603","47.972238","47.056255","43.639137","43.714872","44.992210","54.606226",
"8700000.000000","13.735915","47.550168","46.922472","43.194809","43.715618","45.322389","54.765622",
"8800000.000000","13.629677","47.673282","48.027464","43.313425","43.427583","44.947719","54.552308",
"8900000.000000","19.586816","47.378298","47.389435","42.751559","42.950622","44.315241","54.057736",
"9000000.000000","19.597449","46.770388","46.996324","43.035130","42.786679","44.571662","53.379539",
"9100000.000000","18.771471","46.373478","47.379555","42.320214","42.237953","44.212574","53.943979",
"9200000.000000","19.333082","46.117016","47.404059","42.081910","42.156934","43.748513","53.527288",
"9300000.000000","19.322775","45.670463","47.127907","41.529429","42.072491","43.884440","52.808655",
"9400000.000000","19.065788","45.299908","46.546960","41.509949","41.501818","43.161214","53.317523",
"9500000.000000","19.083328","42.972309","46.722706","41.117863","39.104721","42.814322","52.972330",
"9600000.000000","19.030412","45.489490","46.915626","41.186111","40.789921","42.408299","52.857531",
"9700000.000000","18.887775","45.178729","46.346763","40.568182","40.867937","42.345626","52.129734",
"9800000.000000","18.807941","44.524906","46.237472","40.523302","40.572593","42.226342","52.634128",
"9900000.000000","18.750704","43.789241","45.880167","40.650142","40.406195","41.907600","51.825797",
"10000000.000000","17.925089","43.956488","45.831825","40.122470","39.996304","41.437826","51.715079",
"11000000.000000","17.598062","40.253128","45.832657","38.622176","38.265203","38.401220","51.066261",
"12000000.000000","16.812523","37.697362","44.741468","36.688025","36.777080","35.818205","48.524532",
"13000000.000000","16.072969","35.302169","43.707255","43.792399","34.820285","33.347875","46.776971",
"14000000.000000","15.421497","32.906061","42.743807","42.720359","33.167883","30.834149","44.622315",
"15000000.000000","14.757374","31.019604","41.804870","41.758675","31.408015","28.656865","42.667076",
"16000000.000000","14.163427","29.220484","40.699039","41.037717","29.844578","25.982974","40.677300",
"17000000.000000","13.636540","34.623235","37.798068","39.916356","39.934590","38.351704","37.479963",
"18000000.000000","18.842760","33.349291","37.393321","38.686265","38.751795","37.125191","36.793888",
"19000000.000000","18.347883","32.355094","36.619275","37.650391","37.753550","35.296299","36.006543",
"20000000.000000","17.855748","30.736873","36.031476","36.672683","36.497646","34.462281","35.404820",
"21000000.000000","17.252266","29.881328","35.561580","35.378506","35.717565","33.256937","34.755423",
"22000000.000000","16.761767","28.743265","35.028452","34.781906","34.566719","32.185227","34.069171",
"23000000.000000","16.266110","27.792746","34.671423","33.762159","33.782527","30.982273","33.762619",
"24000000.000000","15.671488","26.753053","34.415675","32.854824","32.828124","29.983177","33.084354",
"25000000.000000","15.290260","25.853104","33.956329","32.124644","31.890221","28.907802","32.815828",
"26000000.000000","14.923541","25.021365","33.537900","33.710585","31.238058","27.903158","32.134216",
"27000000.000000","14.494226","24.135000","33.167032","33.122884","30.375182","26.917557","31.745294",
"28000000.000000","14.064591","23.340004","32.322898","32.855968","29.541151","25.830420","31.270058",
"29000000.000000","13.761793","22.652809","32.550186","32.583763","28.654725","25.127554","30.428050",
"30000000.000000","13.352538","21.899757","32.153240","32.414642","28.143911","24.159304","30.073834",
"31000000.000000","12.877300","21.284665","31.891734","32.161282","27.491244","23.375604","29.544025",
"32000000.000000","12.718360","20.652476","31.578082","31.776163","26.697997","22.368215","29.011276",
"33000000.000000","12.285109","20.186278","31.126772","31.361542","25.896487","21.460944","28.571402",
"34000000.000000","12.141060","23.422465","27.582383","31.136015","30.972920","28.946850","25.280238",
"35000000.000000","11.871625","23.127895","27.508807","30.900105","30.714359","28.559674","25.218921",
"36000000.000000","11.595569","22.871308","27.381365","30.567896","30.303276","28.104030","25.046705",
"37000000.000000","15.927726","22.534110","26.243642","30.069673","30.129895","27.744049","25.018248",
"38000000.000000","15.646960","22.250734","26.217446","29.787866","30.020358","27.414186","24.779641",
"39000000.000000","15.268059","21.940615","26.069244","29.520869","29.568527","27.022710","24.653550",
"40000000.000000","15.133115","21.593424","26.010463","29.308080","29.170836","26.619014","24.566873",
"41000000.000000","15.565996","21.310939","25.862530","29.121591","28.914744","26.374381","24.408500",
"42000000.000000","14.875233","20.971565","25.719936","28.613174","28.653058","25.876122","24.290131",
"43000000.000000","14.155373","20.747655","26.597687","28.285253","28.321932","25.673431","24.188606",
"44000000.000000","13.855479","20.421823","26.514393","28.047935","27.972839","25.461960","24.085055",
"45000000.000000","14.107093","20.174152","26.408192","27.722222","27.594407","25.001626","23.955330",
"46000000.000000","13.876365","19.910599","26.349493","27.364463","27.119244","24.696845","23.880571",
"47000000.000000","13.230077","19.596537","26.151777","27.086456","27.222253","24.114260","23.778085",
"48000000.000000","12.993977","19.323788","26.082768","26.831288","26.821221","24.082404","23.613622",
"49000000.000000","13.163350","19.054141","24.820961","27.376847","26.551156","23.784862","23.644003",
"50000000.000000","12.941193","18.771299","25.020792","24.999562","26.094997","23.364232","23.411237",
"51000000.000000","12.426216","18.546608","24.901845","24.885837","26.026199","23.169146","23.353633",
"52000000.000000","12.204692","18.335843","24.874062","24.902807","25.675598","22.875036","23.267532",
"53000000.000000","12.039491","18.140215","24.767706","24.790446","25.370673","22.518572","23.165785",
"54000000.000000","11.853942","17.887796","24.686294","24.775612","24.886173","22.246611","23.105563",
"55000000.000000","11.691779","17.629938","25.512056","24.655871","24.812124","21.976048","23.015084",
"56000000.000000","11.516634","17.466689","25.550917","24.124044","24.542722","21.612690","22.896967",
"57000000.000000","11.369747","17.224074","26.214352","24.488817","24.279791","21.455035","22.890787",
"58000000.000000","11.147092","17.020841","25.419462","24.407068","24.048474","21.132487","22.649021",
"59000000.000000","11.396816","16.809506","25.079651","24.190829","23.962672","20.808838","22.595399",
"60000000.000000","11.242110","16.628738","25.168978","24.254555","23.453932","20.527288","22.500891",
"61000000.000000","10.733509","16.436751","24.157258","24.167746","23.383600","20.261865","22.383059",
"62000000.000000","10.564486","16.277132","24.078052","24.974778","23.007527","19.961142","22.265766",
"63000000.000000","10.491400","16.067699","24.063618","24.982759","22.810198","19.695370","22.165722",
"64000000.000000","10.340562","15.904499","23.906754","24.040979","22.436131","19.434376","22.056049",
"65000000.000000","10.214894","15.699210","23.851597","24.024656","22.219564","19.082732","21.970301",
"66000000.000000","10.101775","15.583380","23.359983","23.821164","21.852645","18.634160","21.828892",
"67000000.000000","9.969869","15.406837","23.749997","23.517435","24.884914","18.522601","21.744839",
"68000000.000000","9.840888","19.415679","21.031708","23.725529","24.526821","22.432567","21.259052",
"69000000.000000","9.727685","19.436085","21.001846","23.734162","24.507441","22.362096","21.224805",
"70000000.000000","9.587592","19.271745","20.980769","23.627677","24.477678","22.308488","21.350861",
"71000000.000000","9.474212","19.155020","20.950603","23.488195","24.391588","22.129686","21.037480",
"72000000.000000","9.318843","19.066058","20.898658","23.427907","24.244544","22.149157","21.378369",
"73000000.000000","9.263543","18.957884","20.901428","24.250848","24.128805","21.989681","21.169288",
"74000000.000000","9.167671","18.772617","20.953404","24.252519","24.179357","21.941741","21.123511",
"75000000.000000","12.007579","18.693182","20.872762","24.094757","24.193737","21.808168","21.393866",
"76000000.000000","11.856414","18.634736","20.865728","24.073995","24.085215","21.768648","21.503781",
"77000000.000000","11.797565","18.490465","20.721353","23.982724","23.958203","21.589128","20.801226",
"78000000.000000","11.710723","18.421075","20.902371","23.176212","23.798428","21.605324","21.046442",
"79000000.000000","11.605274","18.316798","20.829872","23.024591","23.652295","21.593384","20.997049",
"80000000.000000","11.506300","18.216194","20.786634","22.954356","23.894732","21.590023","21.035426",
"81000000.000000","11.400357","18.086354","20.915002","22.974292","23.746550","21.410798","21.288285",
"82000000.000000","11.301811","18.068033","20.780461","22.728841","23.641211","21.332951","20.903592",
"83000000.000000","11.237519","17.890875","20.671587","22.834019","23.525650","21.124726","20.634867",
"84000000.000000","11.149502","17.811641","20.735305","23.715906","22.441804","21.213892","21.121383",
"85000000.000000","11.030799","17.726501","20.734977","23.707449","22.819129","21.181374","20.887619",
"86000000.000000","10.969724","17.458443","20.761209","23.355705","22.693489","21.105268","20.818896",
"87000000.000000","10.857344","17.485853","20.738495","23.166863","22.537380","20.944809","20.765375",
"88000000.000000","10.787116","17.474717","20.671023","23.308415","22.390657","20.936783","20.781464",
"89000000.000000","10.744211","17.349473","20.680249","23.223273","23.275519","20.475513","20.598365",
"90000000.000000","10.632909","17.282934","20.671066","23.147545","23.052070","20.658896","20.711563",
"91000000.000000","10.560760","17.119452","20.652348","23.324618","22.880844","20.737410","20.882165",
"92000000.000000","10.444341","17.099991","20.626450","22.756421","22.925524","20.611512","20.672605",
"93000000.000000","10.388382","17.136460","20.553901","22.895315","22.133990","20.510520","20.555516",
"94000000.000000","10.327131","16.872938","20.381879","22.867784","22.063271","20.480693","20.621155",
"95000000.000000","10.240913","16.753164","20.535501","22.154417","21.881503","20.359140","20.571472",
"96000000.000000","10.125947","16.725368","20.518927","21.913053","21.887299","20.090605","20.545021",
"97000000.000000","10.139944","16.073779","20.495694","21.924719","22.689482","20.181123","20.545405",
"98000000.000000","10.067950","15.982224","20.486187","21.710238","22.647404","20.141227","20.532483",
"99000000.000000","9.967624","15.812611","20.479306","21.687988","22.467551","20.024625","20.426306",
"100000000.000000","9.852323","15.768053","20.481198","20.410402","22.774250","19.945083","20.469354",
"110000000.000000","9.354374","15.100042","20.389083","20.378910","21.051013","19.240934","20.420699",
"120000000.000000","9.074314","14.351184","20.288319","20.228627","20.093299","18.566618","20.082099",
"130000000.000000","8.308371","13.725558","20.046648","20.083306","19.172512","17.408220","19.064954",
"140000000.000000","7.907383","16.607530","18.796307","19.923193","20.500366","19.288654","18.433380",
"150000000.000000","7.531419","16.224969","18.735678","19.756568","19.761404","19.165024","18.320651",
"160000000.000000","9.478271","15.842798","18.590700","19.595491","19.565004","18.997518","18.275781",
"170000000.000000","9.539359","15.461699","18.611552","19.515945","19.463288","18.803166","19.050298",
"180000000.000000","8.926695","15.161675","18.532488","20.092981","20.053833","18.539597","18.787690",
"190000000.000000","8.990332","14.802746","18.438037","19.155454","19.899273","18.353496","18.116613",
"200000000.000000","8.462966","14.514125","18.422839","18.432435","18.963352","18.150820","18.014665",
